#  E (eV)   dos(E)     Int dos(E) EFermi =    6.199 eV
 -10.000  0.8321E-03  0.4160E-04
  -9.950  0.9083E-03  0.8702E-04
  -9.900  0.9909E-03  0.1366E-03
  -9.850  0.1080E-02  0.1906E-03
  -9.800  0.1177E-02  0.2494E-03
  -9.750  0.1282E-02  0.3135E-03
  -9.700  0.1395E-02  0.3833E-03
  -9.650  0.1517E-02  0.4591E-03
  -9.600  0.1648E-02  0.5415E-03
  -9.550  0.1790E-02  0.6310E-03
  -9.500  0.1943E-02  0.7282E-03
  -9.450  0.2108E-02  0.8336E-03
  -9.400  0.2286E-02  0.9479E-03
  -9.350  0.2476E-02  0.1072E-02
  -9.300  0.2681E-02  0.1206E-02
  -9.250  0.2901E-02  0.1351E-02
  -9.200  0.3138E-02  0.1508E-02
  -9.150  0.3391E-02  0.1677E-02
  -9.100  0.3662E-02  0.1860E-02
  -9.050  0.3953E-02  0.2058E-02
  -9.000  0.4264E-02  0.2271E-02
  -8.950  0.4597E-02  0.2501E-02
  -8.900  0.4953E-02  0.2749E-02
  -8.850  0.5333E-02  0.3015E-02
  -8.800  0.5739E-02  0.3302E-02
  -8.750  0.6172E-02  0.3611E-02
  -8.700  0.6633E-02  0.3943E-02
  -8.650  0.7125E-02  0.4299E-02
  -8.600  0.7648E-02  0.4681E-02
  -8.550  0.8204E-02  0.5091E-02
  -8.500  0.8796E-02  0.5531E-02
  -8.450  0.9424E-02  0.6002E-02
  -8.400  0.1009E-01  0.6507E-02
  -8.350  0.1080E-01  0.7047E-02
  -8.300  0.1155E-01  0.7625E-02
  -8.250  0.1235E-01  0.8242E-02
  -8.200  0.1319E-01  0.8901E-02
  -8.150  0.1408E-01  0.9605E-02
  -8.100  0.1502E-01  0.1036E-01
  -8.050  0.1601E-01  0.1116E-01
  -8.000  0.1706E-01  0.1201E-01
  -7.950  0.1817E-01  0.1292E-01
  -7.900  0.1934E-01  0.1389E-01
  -7.850  0.2057E-01  0.1491E-01
  -7.800  0.2187E-01  0.1601E-01
  -7.750  0.2323E-01  0.1717E-01
  -7.700  0.2467E-01  0.1840E-01
  -7.650  0.2618E-01  0.1971E-01
  -7.600  0.2776E-01  0.2110E-01
  -7.550  0.2942E-01  0.2257E-01
  -7.500  0.3116E-01  0.2413E-01
  -7.450  0.3299E-01  0.2578E-01
  -7.400  0.3490E-01  0.2752E-01
  -7.350  0.3690E-01  0.2937E-01
  -7.300  0.3899E-01  0.3132E-01
  -7.250  0.4118E-01  0.3338E-01
  -7.200  0.4346E-01  0.3555E-01
  -7.150  0.4584E-01  0.3784E-01
  -7.100  0.4832E-01  0.4026E-01
  -7.050  0.5091E-01  0.4280E-01
  -7.000  0.5360E-01  0.4548E-01
  -6.950  0.5641E-01  0.4830E-01
  -6.900  0.5932E-01  0.5127E-01
  -6.850  0.6235E-01  0.5439E-01
  -6.800  0.6550E-01  0.5766E-01
  -6.750  0.6876E-01  0.6110E-01
  -6.700  0.7215E-01  0.6471E-01
  -6.650  0.7565E-01  0.6849E-01
  -6.600  0.7928E-01  0.7245E-01
  -6.550  0.8304E-01  0.7661E-01
  -6.500  0.8692E-01  0.8095E-01
  -6.450  0.9093E-01  0.8550E-01
  -6.400  0.9507E-01  0.9025E-01
  -6.350  0.9935E-01  0.9522E-01
  -6.300  0.1038E+00  0.1004E+00
  -6.250  0.1083E+00  0.1058E+00
  -6.200  0.1130E+00  0.1115E+00
  -6.150  0.1178E+00  0.1174E+00
  -6.100  0.1227E+00  0.1235E+00
  -6.050  0.1278E+00  0.1299E+00
  -6.000  0.1330E+00  0.1365E+00
  -5.950  0.1383E+00  0.1434E+00
  -5.900  0.1438E+00  0.1506E+00
  -5.850  0.1494E+00  0.1581E+00
  -5.800  0.1551E+00  0.1659E+00
  -5.750  0.1610E+00  0.1739E+00
  -5.700  0.1670E+00  0.1823E+00
  -5.650  0.1731E+00  0.1909E+00
  -5.600  0.1793E+00  0.1999E+00
  -5.550  0.1856E+00  0.2092E+00
  -5.500  0.1921E+00  0.2188E+00
  -5.450  0.1987E+00  0.2287E+00
  -5.400  0.2054E+00  0.2390E+00
  -5.350  0.2122E+00  0.2496E+00
  -5.300  0.2191E+00  0.2605E+00
  -5.250  0.2261E+00  0.2718E+00
  -5.200  0.2332E+00  0.2835E+00
  -5.150  0.2403E+00  0.2955E+00
  -5.100  0.2476E+00  0.3079E+00
  -5.050  0.2549E+00  0.3206E+00
  -5.000  0.2624E+00  0.3337E+00
  -4.950  0.2698E+00  0.3472E+00
  -4.900  0.2774E+00  0.3611E+00
  -4.850  0.2850E+00  0.3754E+00
  -4.800  0.2926E+00  0.3900E+00
  -4.750  0.3003E+00  0.4050E+00
  -4.700  0.3081E+00  0.4204E+00
  -4.650  0.3158E+00  0.4362E+00
  -4.600  0.3236E+00  0.4524E+00
  -4.550  0.3314E+00  0.4690E+00
  -4.500  0.3392E+00  0.4859E+00
  -4.450  0.3470E+00  0.5033E+00
  -4.400  0.3548E+00  0.5210E+00
  -4.350  0.3625E+00  0.5391E+00
  -4.300  0.3703E+00  0.5576E+00
  -4.250  0.3780E+00  0.5765E+00
  -4.200  0.3857E+00  0.5958E+00
  -4.150  0.3933E+00  0.6155E+00
  -4.100  0.4009E+00  0.6355E+00
  -4.050  0.4084E+00  0.6559E+00
  -4.000  0.4158E+00  0.6767E+00
  -3.950  0.4232E+00  0.6979E+00
  -3.900  0.4305E+00  0.7194E+00
  -3.850  0.4376E+00  0.7413E+00
  -3.800  0.4447E+00  0.7635E+00
  -3.750  0.4517E+00  0.7861E+00
  -3.700  0.4586E+00  0.8091E+00
  -3.650  0.4653E+00  0.8323E+00
  -3.600  0.4719E+00  0.8559E+00
  -3.550  0.4784E+00  0.8798E+00
  -3.500  0.4847E+00  0.9041E+00
  -3.450  0.4909E+00  0.9286E+00
  -3.400  0.4969E+00  0.9535E+00
  -3.350  0.5028E+00  0.9786E+00
  -3.300  0.5085E+00  0.1004E+01
  -3.250  0.5141E+00  0.1030E+01
  -3.200  0.5194E+00  0.1056E+01
  -3.150  0.5246E+00  0.1082E+01
  -3.100  0.5297E+00  0.1108E+01
  -3.050  0.5345E+00  0.1135E+01
  -3.000  0.5392E+00  0.1162E+01
  -2.950  0.5436E+00  0.1189E+01
  -2.900  0.5479E+00  0.1217E+01
  -2.850  0.5520E+00  0.1244E+01
  -2.800  0.5559E+00  0.1272E+01
  -2.750  0.5597E+00  0.1300E+01
  -2.700  0.5632E+00  0.1328E+01
  -2.650  0.5665E+00  0.1357E+01
  -2.600  0.5697E+00  0.1385E+01
  -2.550  0.5727E+00  0.1414E+01
  -2.500  0.5754E+00  0.1442E+01
  -2.450  0.5780E+00  0.1471E+01
  -2.400  0.5805E+00  0.1500E+01
  -2.350  0.5827E+00  0.1529E+01
  -2.300  0.5848E+00  0.1559E+01
  -2.250  0.5867E+00  0.1588E+01
  -2.200  0.5884E+00  0.1617E+01
  -2.150  0.5899E+00  0.1647E+01
  -2.100  0.5914E+00  0.1677E+01
  -2.050  0.5926E+00  0.1706E+01
  -2.000  0.5937E+00  0.1736E+01
  -1.950  0.5947E+00  0.1766E+01
  -1.900  0.5955E+00  0.1795E+01
  -1.850  0.5962E+00  0.1825E+01
  -1.800  0.5968E+00  0.1855E+01
  -1.750  0.5972E+00  0.1885E+01
  -1.700  0.5976E+00  0.1915E+01
  -1.650  0.5978E+00  0.1945E+01
  -1.600  0.5980E+00  0.1975E+01
  -1.550  0.5980E+00  0.2004E+01
  -1.500  0.5980E+00  0.2034E+01
  -1.450  0.5979E+00  0.2064E+01
  -1.400  0.5977E+00  0.2094E+01
  -1.350  0.5975E+00  0.2124E+01
  -1.300  0.5972E+00  0.2154E+01
  -1.250  0.5969E+00  0.2184E+01
  -1.200  0.5966E+00  0.2214E+01
  -1.150  0.5962E+00  0.2243E+01
  -1.100  0.5958E+00  0.2273E+01
  -1.050  0.5954E+00  0.2303E+01
  -1.000  0.5950E+00  0.2333E+01
  -0.950  0.5945E+00  0.2362E+01
  -0.900  0.5941E+00  0.2392E+01
  -0.850  0.5937E+00  0.2422E+01
  -0.800  0.5934E+00  0.2451E+01
  -0.750  0.5930E+00  0.2481E+01
  -0.700  0.5927E+00  0.2511E+01
  -0.650  0.5925E+00  0.2540E+01
  -0.600  0.5923E+00  0.2570E+01
  -0.550  0.5921E+00  0.2600E+01
  -0.500  0.5920E+00  0.2629E+01
  -0.450  0.5920E+00  0.2659E+01
  -0.400  0.5921E+00  0.2688E+01
  -0.350  0.5922E+00  0.2718E+01
  -0.300  0.5925E+00  0.2748E+01
  -0.250  0.5928E+00  0.2777E+01
  -0.200  0.5932E+00  0.2807E+01
  -0.150  0.5937E+00  0.2837E+01
  -0.100  0.5943E+00  0.2866E+01
  -0.050  0.5951E+00  0.2896E+01
   0.000  0.5959E+00  0.2926E+01
   0.050  0.5969E+00  0.2956E+01
   0.100  0.5980E+00  0.2986E+01
   0.150  0.5993E+00  0.3016E+01
   0.200  0.6006E+00  0.3046E+01
   0.250  0.6021E+00  0.3076E+01
   0.300  0.6038E+00  0.3106E+01
   0.350  0.6056E+00  0.3136E+01
   0.400  0.6075E+00  0.3167E+01
   0.450  0.6096E+00  0.3197E+01
   0.500  0.6118E+00  0.3228E+01
   0.550  0.6142E+00  0.3258E+01
   0.600  0.6168E+00  0.3289E+01
   0.650  0.6195E+00  0.3320E+01
   0.700  0.6224E+00  0.3351E+01
   0.750  0.6254E+00  0.3383E+01
   0.800  0.6286E+00  0.3414E+01
   0.850  0.6320E+00  0.3446E+01
   0.900  0.6355E+00  0.3477E+01
   0.950  0.6392E+00  0.3509E+01
   1.000  0.6431E+00  0.3541E+01
   1.050  0.6471E+00  0.3574E+01
   1.100  0.6514E+00  0.3606E+01
   1.150  0.6557E+00  0.3639E+01
   1.200  0.6603E+00  0.3672E+01
   1.250  0.6650E+00  0.3705E+01
   1.300  0.6699E+00  0.3739E+01
   1.350  0.6750E+00  0.3773E+01
   1.400  0.6802E+00  0.3807E+01
   1.450  0.6856E+00  0.3841E+01
   1.500  0.6912E+00  0.3876E+01
   1.550  0.6969E+00  0.3910E+01
   1.600  0.7027E+00  0.3946E+01
   1.650  0.7088E+00  0.3981E+01
   1.700  0.7149E+00  0.4017E+01
   1.750  0.7212E+00  0.4053E+01
   1.800  0.7277E+00  0.4089E+01
   1.850  0.7343E+00  0.4126E+01
   1.900  0.7410E+00  0.4163E+01
   1.950  0.7478E+00  0.4200E+01
   2.000  0.7548E+00  0.4238E+01
   2.050  0.7618E+00  0.4276E+01
   2.100  0.7690E+00  0.4315E+01
   2.150  0.7762E+00  0.4353E+01
   2.200  0.7835E+00  0.4393E+01
   2.250  0.7909E+00  0.4432E+01
   2.300  0.7984E+00  0.4472E+01
   2.350  0.8059E+00  0.4512E+01
   2.400  0.8135E+00  0.4553E+01
   2.450  0.8211E+00  0.4594E+01
   2.500  0.8287E+00  0.4635E+01
   2.550  0.8363E+00  0.4677E+01
   2.600  0.8439E+00  0.4719E+01
   2.650  0.8515E+00  0.4762E+01
   2.700  0.8590E+00  0.4805E+01
   2.750  0.8665E+00  0.4848E+01
   2.800  0.8740E+00  0.4892E+01
   2.850  0.8814E+00  0.4936E+01
   2.900  0.8886E+00  0.4981E+01
   2.950  0.8958E+00  0.5025E+01
   3.000  0.9029E+00  0.5070E+01
   3.050  0.9098E+00  0.5116E+01
   3.100  0.9166E+00  0.5162E+01
   3.150  0.9232E+00  0.5208E+01
   3.200  0.9297E+00  0.5254E+01
   3.250  0.9359E+00  0.5301E+01
   3.300  0.9420E+00  0.5348E+01
   3.350  0.9478E+00  0.5396E+01
   3.400  0.9533E+00  0.5443E+01
   3.450  0.9587E+00  0.5491E+01
   3.500  0.9637E+00  0.5540E+01
   3.550  0.9685E+00  0.5588E+01
   3.600  0.9729E+00  0.5637E+01
   3.650  0.9771E+00  0.5685E+01
   3.700  0.9809E+00  0.5734E+01
   3.750  0.9844E+00  0.5784E+01
   3.800  0.9875E+00  0.5833E+01
   3.850  0.9903E+00  0.5883E+01
   3.900  0.9927E+00  0.5932E+01
   3.950  0.9947E+00  0.5982E+01
   4.000  0.9964E+00  0.6032E+01
   4.050  0.9976E+00  0.6082E+01
   4.100  0.9984E+00  0.6132E+01
   4.150  0.9989E+00  0.6182E+01
   4.200  0.9989E+00  0.6231E+01
   4.250  0.9985E+00  0.6281E+01
   4.300  0.9976E+00  0.6331E+01
   4.350  0.9964E+00  0.6381E+01
   4.400  0.9947E+00  0.6431E+01
   4.450  0.9926E+00  0.6480E+01
   4.500  0.9900E+00  0.6530E+01
   4.550  0.9871E+00  0.6579E+01
   4.600  0.9837E+00  0.6628E+01
   4.650  0.9799E+00  0.6677E+01
   4.700  0.9757E+00  0.6726E+01
   4.750  0.9711E+00  0.6775E+01
   4.800  0.9661E+00  0.6823E+01
   4.850  0.9607E+00  0.6871E+01
   4.900  0.9550E+00  0.6919E+01
   4.950  0.9489E+00  0.6966E+01
   5.000  0.9424E+00  0.7013E+01
   5.050  0.9356E+00  0.7060E+01
   5.100  0.9285E+00  0.7107E+01
   5.150  0.9211E+00  0.7153E+01
   5.200  0.9134E+00  0.7198E+01
   5.250  0.9055E+00  0.7244E+01
   5.300  0.8973E+00  0.7289E+01
   5.350  0.8888E+00  0.7333E+01
   5.400  0.8802E+00  0.7377E+01
   5.450  0.8714E+00  0.7421E+01
   5.500  0.8624E+00  0.7464E+01
   5.550  0.8533E+00  0.7506E+01
   5.600  0.8441E+00  0.7549E+01
   5.650  0.8348E+00  0.7590E+01
   5.700  0.8255E+00  0.7632E+01
   5.750  0.8161E+00  0.7672E+01
   5.800  0.8067E+00  0.7713E+01
   5.850  0.7973E+00  0.7753E+01
   5.900  0.7880E+00  0.7792E+01
   5.950  0.7787E+00  0.7831E+01
   6.000  0.7696E+00  0.7869E+01
   6.050  0.7606E+00  0.7907E+01
   6.100  0.7517E+00  0.7945E+01
   6.150  0.7430E+00  0.7982E+01
   6.200  0.7345E+00  0.8019E+01
   6.250  0.7263E+00  0.8055E+01
   6.300  0.7183E+00  0.8091E+01
   6.350  0.7106E+00  0.8127E+01
   6.400  0.7033E+00  0.8162E+01
   6.450  0.6962E+00  0.8197E+01
   6.500  0.6895E+00  0.8231E+01
   6.550  0.6832E+00  0.8265E+01
   6.600  0.6774E+00  0.8299E+01
   6.650  0.6719E+00  0.8333E+01
   6.700  0.6669E+00  0.8366E+01
   6.750  0.6623E+00  0.8399E+01
   6.800  0.6583E+00  0.8432E+01
   6.850  0.6547E+00  0.8465E+01
   6.900  0.6516E+00  0.8497E+01
   6.950  0.6491E+00  0.8530E+01
   7.000  0.6472E+00  0.8562E+01
   7.050  0.6457E+00  0.8595E+01
   7.100  0.6449E+00  0.8627E+01
   7.150  0.6446E+00  0.8659E+01
   7.200  0.6449E+00  0.8691E+01
   7.250  0.6458E+00  0.8724E+01
   7.300  0.6473E+00  0.8756E+01
   7.350  0.6494E+00  0.8788E+01
   7.400  0.6521E+00  0.8821E+01
   7.450  0.6554E+00  0.8854E+01
   7.500  0.6592E+00  0.8887E+01
   7.550  0.6637E+00  0.8920E+01
   7.600  0.6688E+00  0.8953E+01
   7.650  0.6744E+00  0.8987E+01
   7.700  0.6807E+00  0.9021E+01
   7.750  0.6874E+00  0.9055E+01
   7.800  0.6948E+00  0.9090E+01
   7.850  0.7027E+00  0.9125E+01
   7.900  0.7111E+00  0.9161E+01
   7.950  0.7200E+00  0.9197E+01
   8.000  0.7295E+00  0.9233E+01
   8.050  0.7394E+00  0.9270E+01
   8.100  0.7497E+00  0.9308E+01
   8.150  0.7606E+00  0.9346E+01
   8.200  0.7718E+00  0.9384E+01
   8.250  0.7835E+00  0.9424E+01
   8.300  0.7955E+00  0.9463E+01
   8.350  0.8079E+00  0.9504E+01
   8.400  0.8206E+00  0.9545E+01
   8.450  0.8336E+00  0.9586E+01
   8.500  0.8469E+00  0.9629E+01
   8.550  0.8604E+00  0.9672E+01
   8.600  0.8742E+00  0.9716E+01
   8.650  0.8882E+00  0.9760E+01
   8.700  0.9023E+00  0.9805E+01
   8.750  0.9166E+00  0.9851E+01
   8.800  0.9310E+00  0.9897E+01
   8.850  0.9455E+00  0.9945E+01
   8.900  0.9600E+00  0.9993E+01
   8.950  0.9746E+00  0.1004E+02
   9.000  0.9891E+00  0.1009E+02
   9.050  0.1004E+01  0.1014E+02
   9.100  0.1018E+01  0.1019E+02
   9.150  0.1032E+01  0.1024E+02
   9.200  0.1047E+01  0.1030E+02
   9.250  0.1061E+01  0.1035E+02
   9.300  0.1075E+01  0.1040E+02
   9.350  0.1089E+01  0.1046E+02
   9.400  0.1102E+01  0.1051E+02
   9.450  0.1115E+01  0.1057E+02
   9.500  0.1128E+01  0.1062E+02
   9.550  0.1141E+01  0.1068E+02
   9.600  0.1153E+01  0.1074E+02
   9.650  0.1165E+01  0.1080E+02
   9.700  0.1177E+01  0.1086E+02
   9.750  0.1188E+01  0.1092E+02
   9.800  0.1199E+01  0.1098E+02
   9.850  0.1210E+01  0.1104E+02
   9.900  0.1220E+01  0.1110E+02
   9.950  0.1229E+01  0.1116E+02
  10.000  0.1238E+01  0.1122E+02
  10.050  0.1247E+01  0.1128E+02
  10.100  0.1255E+01  0.1135E+02
  10.150  0.1262E+01  0.1141E+02
  10.200  0.1269E+01  0.1147E+02
  10.250  0.1276E+01  0.1154E+02
  10.300  0.1282E+01  0.1160E+02
  10.350  0.1287E+01  0.1166E+02
  10.400  0.1292E+01  0.1173E+02
  10.450  0.1296E+01  0.1179E+02
  10.500  0.1300E+01  0.1186E+02
  10.550  0.1303E+01  0.1192E+02
  10.600  0.1306E+01  0.1199E+02
  10.650  0.1308E+01  0.1205E+02
  10.700  0.1309E+01  0.1212E+02
  10.750  0.1310E+01  0.1219E+02
  10.800  0.1310E+01  0.1225E+02
  10.850  0.1310E+01  0.1232E+02
  10.900  0.1309E+01  0.1238E+02
  10.950  0.1308E+01  0.1245E+02
  11.000  0.1306E+01  0.1251E+02
  11.050  0.1303E+01  0.1258E+02
  11.100  0.1300E+01  0.1264E+02
  11.150  0.1296E+01  0.1271E+02
  11.200  0.1292E+01  0.1277E+02
  11.250  0.1288E+01  0.1284E+02
  11.300  0.1282E+01  0.1290E+02
  11.350  0.1277E+01  0.1296E+02
  11.400  0.1271E+01  0.1303E+02
  11.450  0.1264E+01  0.1309E+02
  11.500  0.1257E+01  0.1315E+02
  11.550  0.1249E+01  0.1322E+02
  11.600  0.1241E+01  0.1328E+02
  11.650  0.1233E+01  0.1334E+02
  11.700  0.1224E+01  0.1340E+02
  11.750  0.1215E+01  0.1346E+02
  11.800  0.1205E+01  0.1352E+02
  11.850  0.1195E+01  0.1358E+02
  11.900  0.1185E+01  0.1364E+02
  11.950  0.1174E+01  0.1370E+02
  12.000  0.1163E+01  0.1376E+02
  12.050  0.1152E+01  0.1382E+02
  12.100  0.1140E+01  0.1387E+02
  12.150  0.1128E+01  0.1393E+02
  12.200  0.1116E+01  0.1399E+02
  12.250  0.1103E+01  0.1404E+02
  12.300  0.1091E+01  0.1410E+02
  12.350  0.1078E+01  0.1415E+02
  12.400  0.1064E+01  0.1420E+02
  12.450  0.1051E+01  0.1425E+02
  12.500  0.1037E+01  0.1431E+02
  12.550  0.1023E+01  0.1436E+02
  12.600  0.1009E+01  0.1441E+02
  12.650  0.9953E+00  0.1446E+02
  12.700  0.9809E+00  0.1451E+02
  12.750  0.9665E+00  0.1456E+02
  12.800  0.9518E+00  0.1460E+02
  12.850  0.9371E+00  0.1465E+02
  12.900  0.9223E+00  0.1470E+02
  12.950  0.9073E+00  0.1474E+02
  13.000  0.8923E+00  0.1479E+02
  13.050  0.8772E+00  0.1483E+02
  13.100  0.8620E+00  0.1487E+02
  13.150  0.8468E+00  0.1492E+02
  13.200  0.8315E+00  0.1496E+02
  13.250  0.8162E+00  0.1500E+02
  13.300  0.8008E+00  0.1504E+02
  13.350  0.7854E+00  0.1508E+02
  13.400  0.7700E+00  0.1512E+02
  13.450  0.7546E+00  0.1515E+02
  13.500  0.7392E+00  0.1519E+02
  13.550  0.7238E+00  0.1523E+02
  13.600  0.7085E+00  0.1526E+02
  13.650  0.6931E+00  0.1530E+02
  13.700  0.6778E+00  0.1533E+02
  13.750  0.6625E+00  0.1536E+02
  13.800  0.6472E+00  0.1540E+02
  13.850  0.6320E+00  0.1543E+02
  13.900  0.6169E+00  0.1546E+02
  13.950  0.6018E+00  0.1549E+02
  14.000  0.5868E+00  0.1552E+02
  14.050  0.5719E+00  0.1555E+02
  14.100  0.5570E+00  0.1557E+02
  14.150  0.5423E+00  0.1560E+02
  14.200  0.5276E+00  0.1563E+02
  14.250  0.5130E+00  0.1565E+02
  14.300  0.4986E+00  0.1568E+02
  14.350  0.4842E+00  0.1570E+02
  14.400  0.4699E+00  0.1573E+02
  14.450  0.4558E+00  0.1575E+02
  14.500  0.4418E+00  0.1577E+02
  14.550  0.4279E+00  0.1579E+02
  14.600  0.4142E+00  0.1581E+02
  14.650  0.4006E+00  0.1583E+02
  14.700  0.3871E+00  0.1585E+02
  14.750  0.3738E+00  0.1587E+02
  14.800  0.3606E+00  0.1589E+02
  14.850  0.3476E+00  0.1591E+02
  14.900  0.3348E+00  0.1592E+02
  14.950  0.3221E+00  0.1594E+02
  15.000  0.3096E+00  0.1595E+02
  15.050  0.2972E+00  0.1597E+02
  15.100  0.2851E+00  0.1598E+02
  15.150  0.2731E+00  0.1600E+02
  15.200  0.2613E+00  0.1601E+02
  15.250  0.2497E+00  0.1602E+02
  15.300  0.2383E+00  0.1603E+02
  15.350  0.2271E+00  0.1605E+02
  15.400  0.2161E+00  0.1606E+02
  15.450  0.2053E+00  0.1607E+02
  15.500  0.1947E+00  0.1608E+02
  15.550  0.1843E+00  0.1609E+02
  15.600  0.1741E+00  0.1609E+02
  15.650  0.1641E+00  0.1610E+02
  15.700  0.1544E+00  0.1611E+02
  15.750  0.1448E+00  0.1612E+02
  15.800  0.1355E+00  0.1612E+02
  15.850  0.1264E+00  0.1613E+02
  15.900  0.1176E+00  0.1614E+02
  15.950  0.1089E+00  0.1614E+02
  16.000  0.1005E+00  0.1615E+02
  16.050  0.9232E-01  0.1615E+02
  16.100  0.8436E-01  0.1616E+02
  16.150  0.7664E-01  0.1616E+02
  16.200  0.6914E-01  0.1616E+02
  16.250  0.6187E-01  0.1617E+02
  16.300  0.5483E-01  0.1617E+02
  16.350  0.4803E-01  0.1617E+02
  16.400  0.4145E-01  0.1617E+02
  16.450  0.3510E-01  0.1618E+02
  16.500  0.2898E-01  0.1618E+02
  16.550  0.2309E-01  0.1618E+02
  16.600  0.1743E-01  0.1618E+02
  16.650  0.1199E-01  0.1618E+02
  16.700  0.6770E-02  0.1618E+02
  16.750  0.1774E-02  0.1618E+02
  16.800 -0.3003E-02  0.1618E+02
  16.850 -0.7563E-02  0.1618E+02
  16.900 -0.1191E-01  0.1618E+02
  16.950 -0.1604E-01  0.1618E+02
  17.000 -0.1997E-01  0.1618E+02
  17.050 -0.2369E-01  0.1618E+02
  17.100 -0.2720E-01  0.1617E+02
  17.150 -0.3052E-01  0.1617E+02
  17.200 -0.3364E-01  0.1617E+02
  17.250 -0.3657E-01  0.1617E+02
  17.300 -0.3930E-01  0.1617E+02
  17.350 -0.4186E-01  0.1617E+02
  17.400 -0.4423E-01  0.1616E+02
  17.450 -0.4643E-01  0.1616E+02
  17.500 -0.4846E-01  0.1616E+02
  17.550 -0.5031E-01  0.1616E+02
  17.600 -0.5201E-01  0.1615E+02
  17.650 -0.5355E-01  0.1615E+02
  17.700 -0.5493E-01  0.1615E+02
  17.750 -0.5616E-01  0.1615E+02
  17.800 -0.5725E-01  0.1614E+02
  17.850 -0.5819E-01  0.1614E+02
  17.900 -0.5901E-01  0.1614E+02
  17.950 -0.5969E-01  0.1613E+02
  18.000 -0.6025E-01  0.1613E+02
  18.050 -0.6068E-01  0.1613E+02
  18.100 -0.6101E-01  0.1612E+02
  18.150 -0.6122E-01  0.1612E+02
  18.200 -0.6132E-01  0.1612E+02
  18.250 -0.6133E-01  0.1612E+02
  18.300 -0.6123E-01  0.1611E+02
  18.350 -0.6105E-01  0.1611E+02
  18.400 -0.6078E-01  0.1611E+02
  18.450 -0.6043E-01  0.1610E+02
  18.500 -0.6000E-01  0.1610E+02
  18.550 -0.5950E-01  0.1610E+02
  18.600 -0.5893E-01  0.1609E+02
  18.650 -0.5830E-01  0.1609E+02
  18.700 -0.5761E-01  0.1609E+02
  18.750 -0.5686E-01  0.1609E+02
  18.800 -0.5606E-01  0.1608E+02
  18.850 -0.5521E-01  0.1608E+02
  18.900 -0.5433E-01  0.1608E+02
  18.950 -0.5340E-01  0.1607E+02
  19.000 -0.5243E-01  0.1607E+02
  19.050 -0.5144E-01  0.1607E+02
  19.100 -0.5042E-01  0.1607E+02
  19.150 -0.4937E-01  0.1606E+02
  19.200 -0.4830E-01  0.1606E+02
  19.250 -0.4721E-01  0.1606E+02
  19.300 -0.4610E-01  0.1606E+02
  19.350 -0.4499E-01  0.1606E+02
  19.400 -0.4386E-01  0.1605E+02
  19.450 -0.4272E-01  0.1605E+02
  19.500 -0.4158E-01  0.1605E+02
  19.550 -0.4044E-01  0.1605E+02
  19.600 -0.3930E-01  0.1604E+02
  19.650 -0.3816E-01  0.1604E+02
  19.700 -0.3703E-01  0.1604E+02
  19.750 -0.3590E-01  0.1604E+02
  19.800 -0.3478E-01  0.1604E+02
  19.850 -0.3367E-01  0.1604E+02
  19.900 -0.3257E-01  0.1603E+02
  19.950 -0.3148E-01  0.1603E+02
  20.000 -0.3041E-01  0.1603E+02
